start_time=2025-12-08T08:48:09.022094
speech_start_time=2025-12-08T08:48:54.541905
latency_seconds=45.520
capture_seconds=1.254
vision_generate_seconds=36.682
translation_seconds=3.554
tts_seconds=3.155
context=audios\output_20251208_084851.wav